# Zero counts for each nonce
# Format: nonce_value zero_count
3691714210 162
3691714211 167
3691714212 174
3691714213 155
3691714214 146
3691714215 139
3691714216 175
3691714217 137
3691714218 145
3691714219 199
3691714220 157
3691714221 179
3691714222 152
3691714223 155
3691714224 167
3691714225 130
3691714226 166
3691714227 194
3691714228 177
3691714229 127
3691714230 145
3691714231 164
3691714232 150
3691714233 122
3691714234 147
3691714235 167
3691714236 132
3691714237 149
3691714238 152
3691714239 149
3691714240 201
3691714241 167
3691714242 154
3691714243 138
3691714244 168
3691714245 150
3691714246 136
3691714247 181
3691714248 156
3691714249 118
3691714250 170
3691714251 171
3691714252 111
3691714253 148
3691714254 199
3691714255 176
3691714256 124
3691714257 161
3691714258 156
3691714259 140
3691714260 133
3691714261 172
3691714262 125
3691714263 159
3691714264 176
3691714265 162
3691714266 136
3691714267 174
3691714268 147
3691714269 149
3691714270 172
3691714271 157
3691714272 126
3691714273 168
3691714274 169
3691714275 169
3691714276 166
3691714277 155
3691714278 139
3691714279 191
3691714280 216
3691714281 142
3691714282 178
3691714283 144
3691714284 202
3691714285 166
3691714286 192
3691714287 161
3691714288 130
3691714289 188
3691714290 116

# Autocorrelation results
0 1.000000
1 -0.115036
2 -0.202036
3 0.152531
4 0.106266
5 -0.113684
6 -0.012846
7 0.205275
8 -0.200065
9 0.019139
10 0.140178
11 -0.124284
12 -0.087135
13 0.127550
14 -0.027072
15 -0.072654
16 0.179503
17 -0.061124
18 -0.202265
19 0.141571
20 0.060066
21 -0.062512
22 -0.115106
23 0.091575
24 -0.073671
25 -0.079174
26 0.057666
27 -0.021184
28 -0.015849
29 0.053786
30 -0.007418
31 -0.031223
32 0.003226
33 -0.070331
34 -0.022307
35 0.080249
36 -0.021262
37 -0.122083
38 0.030611
39 0.084720
40 -0.046475
